Accuracy: 0.7279411764705882
Precision: 0.7142857142857143
Recall: 0.8552631578947368
F1 Score: 0.7784431137724551
