Accuracy: 0.7352941176470589
Precision: 0.7325581395348837
Recall: 0.8289473684210527
F1 Score: 0.7777777777777778
