Accuracy: 0.75
Precision: 0.7692307692307693
Recall: 0.7894736842105263
F1 Score: 0.7792207792207793
