Accuracy: 0.7205882352941176
Precision: 0.7209302325581395
Recall: 0.8157894736842105
F1 Score: 0.7654320987654321
