Accuracy: 0.6764705882352942
Precision: 0.7758620689655172
Recall: 0.5921052631578947
F1 Score: 0.6716417910447762
