Accuracy: 0.7352941176470589
Precision: 0.7380952380952381
Recall: 0.8157894736842105
F1 Score: 0.775
