Accuracy: 0.7205882352941176
Precision: 0.6979166666666666
Recall: 0.881578947368421
F1 Score: 0.7790697674418605
