Accuracy: 0.75
Precision: 0.8088235294117647
Recall: 0.7236842105263158
F1 Score: 0.7638888888888888
