Accuracy: 0.6985294117647058
Precision: 0.6576576576576577
Recall: 0.9605263157894737
F1 Score: 0.7807486631016043
