Accuracy: 0.7426470588235294
Precision: 0.7411764705882353
Recall: 0.8289473684210527
F1 Score: 0.782608695652174
