Accuracy: 0.7279411764705882
Precision: 0.7241379310344828
Recall: 0.8289473684210527
F1 Score: 0.7730061349693251
