Accuracy: 0.6985294117647058
Precision: 0.7397260273972602
Recall: 0.7105263157894737
F1 Score: 0.7248322147651006
