Accuracy: 0.7132352941176471
Precision: 0.7466666666666667
Recall: 0.7368421052631579
F1 Score: 0.7417218543046358
