Accuracy: 0.7132352941176471
Precision: 0.7402597402597403
Recall: 0.75
F1 Score: 0.7450980392156863
