Accuracy: 0.6838235294117647
Precision: 0.6813186813186813
Recall: 0.8157894736842105
F1 Score: 0.7425149700598802
