Accuracy: 0.5882352941176471
Precision: 0.578125
Recall: 0.9736842105263158
F1 Score: 0.7254901960784313
