Accuracy: 0.7426470588235294
Precision: 0.7733333333333333
Recall: 0.7631578947368421
F1 Score: 0.7682119205298014
