Accuracy: 0.6691176470588235
Precision: 0.6631578947368421
Recall: 0.8289473684210527
F1 Score: 0.7368421052631579
