Accuracy: 0.6470588235294118
Precision: 0.6707317073170732
Recall: 0.7236842105263158
F1 Score: 0.6962025316455697
