Accuracy: 0.6985294117647058
Precision: 0.7011494252873564
Recall: 0.8026315789473685
F1 Score: 0.7484662576687117
