Accuracy: 0.6470588235294118
Precision: 0.6794871794871795
Recall: 0.6973684210526315
F1 Score: 0.6883116883116883
