Accuracy: 0.6838235294117647
Precision: 0.7088607594936709
Recall: 0.7368421052631579
F1 Score: 0.7225806451612903
