Accuracy: 0.5588235294117647
Precision: 0.5588235294117647
Recall: 1.0
F1 Score: 0.7169811320754716
