Accuracy: 0.562962962962963
Precision: 0.562962962962963
Recall: 1.0
F1 Score: 0.7203791469194313
