Accuracy: 0.7205882352941176
Precision: 0.7317073170731707
Recall: 0.7894736842105263
F1 Score: 0.759493670886076
