Accuracy: 0.75
Precision: 0.7625
Recall: 0.8026315789473685
F1 Score: 0.782051282051282
