Accuracy: 0.6911764705882353
Precision: 0.6808510638297872
Recall: 0.8421052631578947
F1 Score: 0.7529411764705882
