Accuracy: 0.7132352941176471
Precision: 0.7126436781609196
Recall: 0.8157894736842105
F1 Score: 0.7607361963190185
