Accuracy: 0.7205882352941176
Precision: 0.7375
Recall: 0.7763157894736842
F1 Score: 0.7564102564102564
