Accuracy: 0.6985294117647058
Precision: 0.7333333333333333
Recall: 0.7236842105263158
F1 Score: 0.7284768211920529
