Accuracy: 0.7279411764705882
Precision: 0.7191011235955056
Recall: 0.8421052631578947
F1 Score: 0.7757575757575758
