Accuracy: 0.6764705882352942
Precision: 0.6818181818181818
Recall: 0.7894736842105263
F1 Score: 0.7317073170731707
