Accuracy: 0.7058823529411765
Precision: 0.6836734693877551
Recall: 0.881578947368421
F1 Score: 0.7701149425287356
