Accuracy: 0.6985294117647058
Precision: 0.6635514018691588
Recall: 0.9342105263157895
F1 Score: 0.7759562841530054
