Accuracy: 0.7185185185185186
Precision: 0.7567567567567568
Recall: 0.7368421052631579
F1 Score: 0.7466666666666667
