Accuracy: 0.5259259259259259
Precision: 0.6666666666666666
Recall: 0.3157894736842105
F1 Score: 0.42857142857142855
