Accuracy: 0.6617647058823529
Precision: 0.7142857142857143
Recall: 0.6578947368421053
F1 Score: 0.684931506849315
