Accuracy: 0.7205882352941176
Precision: 0.7878787878787878
Recall: 0.6842105263157895
F1 Score: 0.7323943661971831
