Accuracy: 0.7720588235294118
Precision: 0.7472527472527473
Recall: 0.8947368421052632
F1 Score: 0.8143712574850299
