Accuracy: 0.7279411764705882
Precision: 0.7052631578947368
Recall: 0.881578947368421
F1 Score: 0.783625730994152
