Accuracy: 0.7132352941176471
Precision: 0.7078651685393258
Recall: 0.8289473684210527
F1 Score: 0.7636363636363637
