Accuracy: 0.6764705882352942
Precision: 0.6481481481481481
Recall: 0.9210526315789473
F1 Score: 0.7608695652173914
