Accuracy: 0.6838235294117647
Precision: 0.6941176470588235
Recall: 0.7763157894736842
F1 Score: 0.7329192546583851
