Accuracy: 0.7132352941176471
Precision: 0.7283950617283951
Recall: 0.7763157894736842
F1 Score: 0.7515923566878981
