Accuracy: 0.6838235294117647
Precision: 0.6774193548387096
Recall: 0.8289473684210527
F1 Score: 0.7455621301775148
