Accuracy: 0.7205882352941176
Precision: 0.6938775510204082
Recall: 0.8947368421052632
F1 Score: 0.7816091954022989
