Accuracy: 0.6617647058823529
Precision: 0.6442307692307693
Recall: 0.881578947368421
F1 Score: 0.7444444444444445
