Accuracy: 0.6911764705882353
Precision: 0.6931818181818182
Recall: 0.8026315789473685
F1 Score: 0.7439024390243902
