Accuracy: 0.5735294117647058
Precision: 0.5671641791044776
Recall: 1.0
F1 Score: 0.7238095238095238
