Accuracy: 0.5220588235294118
Precision: 1.0
Recall: 0.14473684210526316
F1 Score: 0.25287356321839083
